51858
51819
58934
3637
3641
59239
49316
49334
42953
7270
46414
17790
49458
49480
46476
3567
43171
58933
58936
35768
58937
58927
42242
42244
42240
42246
42248
42250
32890
49938
3691
4232
3949
33850
49898
34052
54839
34351
3651
41971
52399
56439
56419
42352
50281
36173
42971
32610
46834
32751
32752
36231
36232
46254
58963
34251
3711
3713
3715
3717
3721
3723
32891
3725
3729
3731
3707
3733
3735
51939
57061
57059
51018
51019
51020
51038
51039
51042
35726
35728
43971
42194
43757
43752
43751
43755
43756
48934
43693
56959
56999
35804
51942
51944
51058
51059
51945
51940
51060
51061
52404
52405
57079
50618
52403
50638
50639
50641
44831
44871
56300
56301
3555
52358
47534
38974
49579
49618
49619
32710
35852
49678
50038
50098
50238
42651
39176
42671
55119
42172
42176
42184
59279
58922
35754
42374
42376
4441
45172
51041
57419
37234
60539
50642
50643
50644
50645
50646
50648
52406
50650
50651
50652
58961
50458
45594
44811
58938
45778
45776
51278
35846
35848
35844
35742
42286
54219
53621
50653
51938
52098
41991
32950
45091
45032
36214
3835
3939
3941
33600
38271
43911
51158
56839
51178
4011
4013
51899
4015
4017
51898
51900
50878
52578
52581
52582
52584
43871
37502
49482
49478
49518
49507
49506
3845
49998
33730
33731
42348
49254
43231
49501
49500
49499
43931
55387
55388
55389
32750
34231
3963
49719
49520
49504
49503
49519
49479
35746
3841
47658
47654
47656
47657
47659
47635
47655
57139
51680
51678
46454
55740
52585
36011
4025
49315
4027
3695
39430
39432
60599
37272
37312
58923
58924
35762
35758
35760
35764
35766
49659
49661
4031
43932
3581
40518
32690
33890
60019
59999
3871
43471
4271
4273
58919
58920
45111
32650
57140
57141
52438
46094
43111
51078
55381
55382
45294
49718
53959
53920
47234
47094
49523
49521
47674
50280
33010
3607
50279
47634
53622
53623
49481
49505
52138
53624
53625
53626
53641
53639
54239
54119
50339
54259
50340
54299
56579
7410
3671
49658
49660
49376
49375
49374
49354
49336
49335
49314
49174
3681
58962
43354
50138
46474
46475
42238
42254
52058
3631
42256
42252
42258
42260
58928
58929
58930
58932
56379
59939
37144
35890
35854
60119
49498
39272
59959
37654
35750
39276
35880
46194
35874
59979
60359
60360
39418
39454
60701
60702
58960
52538
52580
37508
35950
49525
49620
37320
49578
60579
39308
39310
55919
35810
35812
59219
37518
45438
50818
35752
42454
42156
42166
53820
61559
61621
61619
61186
56099
61620
56079
56102
61179
61187
61622
56100
56101
61624
61079
61099
61630
61180
61182
61623
61183
61185
61625
61219
61626
49682
61627
61628
61629
62000
61999
61139
61319
61320
62179
62319
62320
62321
62359
38996
3657
49418
49739
58935
52400
32730
4177
3719
3743
50580
50578
51040
36172
35744
43753
43754
57060
3741
50619
50640
32670
52298
56299
58925
51918
42182
58921
50219
57099
55383
3821
3823
3935
3943
33892
4021
51941
3855
46614
50078
55739
4285
4001
43112
47114
3585
3587
3605
4047
54179
54539
54319
3667
45674
49377
42354
43353
42262
58931
39274
60704
59199
42462
42356
45171
56059
61181
61184
50018
62480
62479
57539
35816
35818
35814
35944
35814
61299
42196
45416
61719
61759
61762
61760
61820
61419
61439
61440
60659
60679
60459
61480
61460
61479
61699
62619
62639
62803
62800
62799
62801
62660
62600
61960
61959
54281
63159
63139
63119
63199
63439
63421
63420
62599
62661
64079
63079
61659
61680
61681
61660
61682
61640
63640
63639
63419
63319
43411
